3.837991058826446533e-01 6.039044857025146484e-01 1.224025059491395950e-02 5.616802809527143836e-05
7.579964399337768555e-01 2.405758351087570190e-01 1.371739548631012440e-03 5.595637048827484250e-05
7.251406311988830566e-01 2.672385573387145996e-01 6.903310306370258331e-03 7.175086648203432560e-04
9.351549148559570312e-01 6.446655094623565674e-02 3.697046486195176840e-04 8.912945304473396391e-06
3.142584487795829773e-02 9.400307536125183105e-01 2.849270589649677277e-02 5.066313678980804980e-05
8.011622428894042969e-01 1.952017247676849365e-01 3.485704772174358368e-03 1.502829691162332892e-04
6.400563716888427734e-01 3.579680919647216797e-01 1.902745687402784824e-03 7.272645598277449608e-05
9.366829991340637207e-01 6.309117376804351807e-02 1.912661537062376738e-04 3.446777554927393794e-05
9.355198144912719727e-01 6.414327025413513184e-02 1.979841763386502862e-04 1.389619719702750444e-04
7.921105027198791504e-01 2.068888396024703979e-01 9.749946766532957554e-04 2.568904710642527789e-05
9.442597031593322754e-01 5.547189339995384216e-02 2.154697722289711237e-04 5.292877540341578424e-05
7.634063959121704102e-01 2.345992624759674072e-01 1.910425955429673195e-03 8.397374040214344859e-05
8.872724175453186035e-01 1.124672740697860718e-01 2.578346175141632557e-04 2.512163291612523608e-06
9.104766845703125000e-01 8.924697339534759521e-02 2.322614309377968311e-04 4.409080065670423210e-05
9.186542592942714691e-03 6.483500003814697266e-01 3.419168889522552490e-01 5.465105641633272171e-04
4.323534294962882996e-02 9.063648581504821777e-01 4.979008436203002930e-02 6.096746656112372875e-04
2.018686942756175995e-02 5.290816426277160645e-01 4.429315626621246338e-01 7.799876388162374496e-03
1.810376904904842377e-02 7.291371226310729980e-01 2.507385909557342529e-01 2.020528540015220642e-03
2.083550542593002319e-01 7.780319452285766602e-01 1.345877721905708313e-02 1.542442041682079434e-04
5.904088728129863739e-03 7.306690812110900879e-01 2.630504071712493896e-01 3.764651773963123560e-04
1.507943123579025269e-01 7.836713194847106934e-01 6.396538019180297852e-02 1.568981562741100788e-03
2.392635792493820190e-01 7.522068619728088379e-01 8.505625650286674500e-03 2.394652983639389277e-05
2.832036651670932770e-02 8.815729022026062012e-01 8.993088454008102417e-02 1.758823636919260025e-04
2.930058399215340614e-04 3.395612835884094238e-01 6.568784117698669434e-01 3.267323132604360580e-03
4.802995920181274414e-01 4.959230124950408936e-01 2.199710719287395477e-02 1.780272228643298149e-03
3.683035820722579956e-02 7.959950566291809082e-01 1.658545285463333130e-01 1.320086652413010597e-03
6.685039988951757550e-05 3.802174329757690430e-02 9.374746084213256836e-01 2.443682961165904999e-02
2.245879620313644409e-01 7.488210797309875488e-01 2.598336711525917053e-02 6.076056160964071751e-04
2.407415304332971573e-04 7.172842044383287430e-03 1.906420737504959106e-01 8.019443154335021973e-01
3.508918881416320801e-01 6.314536333084106445e-01 1.526988018304109573e-02 2.384514315053820610e-03
6.215051747858524323e-03 5.164962410926818848e-01 4.682877957820892334e-01 9.000875987112522125e-03
3.756240904331207275e-01 5.906362533569335938e-01 3.337475284934043884e-02 3.649220743682235479e-04
5.719223618507385254e-01 4.208562672138214111e-01 7.007358130067586899e-03 2.140228898497298360e-04
3.705636772792786360e-04 2.502980828285217285e-01 7.439813017845153809e-01 5.349986720830202103e-03
3.012926504015922546e-02 7.972322106361389160e-01 1.711549758911132812e-01 1.483531203120946884e-03
2.021707445383071899e-01 7.799878120422363281e-01 1.781797222793102264e-02 2.349733040318824351e-05
2.221471816301345825e-01 7.229063510894775391e-01 4.851555079221725464e-02 6.430900655686855316e-03
5.337589420378208160e-03 5.461536049842834473e-01 4.464090764522552490e-01 2.099772216752171516e-03
5.621203184127807617e-01 4.220468103885650635e-01 1.261350698769092560e-02 3.219323232769966125e-03
1.281796116381883621e-02 9.355667829513549805e-01 5.048400163650512695e-02 1.131255412474274635e-03
6.519386172294616699e-02 7.502906918525695801e-01 1.831452548503875732e-01 1.370251178741455078e-03
2.580372849479317665e-03 6.182582974433898926e-01 3.775506019592285156e-01 1.610720297321677208e-03
6.018023486831225455e-05 2.428437210619449615e-02 9.347015619277954102e-01 4.095385223627090454e-02
2.797327190637588501e-02 9.484373927116394043e-01 2.355707064270973206e-02 3.228778950870037079e-05
3.462211191654205322e-01 3.635938465595245361e-01 2.834133505821228027e-01 6.771674845367670059e-03
9.713309258222579956e-02 6.983369588851928711e-01 2.003867328166961670e-01 4.143238533288240433e-03
6.444158498197793961e-04 2.357989549636840820e-01 7.352329492568969727e-01 2.832374349236488342e-02
7.661311246920377016e-05 3.580237925052642822e-02 9.441890716552734375e-01 1.993202604353427887e-02
9.254842996597290039e-01 6.279530376195907593e-02 1.166120450943708420e-02 5.916008012718521059e-05
9.659217670559883118e-03 3.714532852172851562e-01 5.562746524810791016e-01 6.261280179023742676e-02
3.857610281556844711e-04 5.841304063796997070e-01 4.150618314743041992e-01 4.219920665491372347e-04
3.387368342373520136e-04 5.267905592918395996e-01 4.721274375915527344e-01 7.432767306454479694e-04
1.249293144792318344e-02 9.015784859657287598e-01 8.565043658018112183e-02 2.780735376290977001e-04
9.741140902042388916e-02 8.949654698371887207e-01 7.562254555523395538e-03 6.084339111112058163e-05
2.370315939188003540e-01 7.357687950134277344e-01 2.570773474872112274e-02 1.491857459768652916e-03
2.387949265539646149e-02 8.684058785438537598e-01 1.072440370917320251e-01 4.705857427325099707e-04
6.413752562366425991e-04 6.013733744621276855e-01 3.975689411163330078e-01 4.162213881500065327e-04
1.547489166259765625e-01 7.787883877754211426e-01 6.585266441106796265e-02 6.099630845710635185e-04
5.992029764456674457e-05 8.229478448629379272e-02 9.118962287902832031e-01 5.749060772359371185e-03
8.945372700691223145e-01 9.205058962106704712e-02 1.333160325884819031e-02 8.060379332164302468e-05
6.343080401420593262e-01 3.541966080665588379e-01 9.598119184374809265e-03 1.897158101201057434e-03
3.924158811569213867e-01 5.865847468376159668e-01 2.046891488134860992e-02 5.304137011989951134e-04
4.080663202330470085e-04 3.211053013801574707e-01 6.771064400672912598e-01 1.380200730636715889e-03
4.070149660110473633e-01 3.611858189105987549e-01 2.197188287973403931e-01 1.208041328936815262e-02
7.116670161485671997e-02 4.741082489490509033e-01 4.197611510753631592e-01 3.496388345956802368e-02
5.519286787603050470e-07 1.029722671955823898e-02 9.776685237884521484e-01 1.203372329473495483e-02
1.518737408332526684e-04 2.859524190425872803e-01 7.078632712364196777e-01 6.032465025782585144e-03
1.200179781335464213e-06 5.208461079746484756e-03 9.542115330696105957e-01 4.057884216308593750e-02
2.595388097688555717e-03 1.246748417615890503e-01 8.576515316963195801e-01 1.507824100553989410e-02
2.415968626737594604e-01 7.331019043922424316e-01 2.508524246513843536e-02 2.159758732886984944e-04
4.612158227246254683e-05 1.316337287425994873e-02 9.435651898384094238e-01 4.322525486350059509e-02
1.769107882864773273e-03 1.695153713226318359e-01 8.274094462394714355e-01 1.306107616983354092e-03
2.942415733286907198e-07 9.935866110026836395e-04 9.388035535812377930e-01 6.020247936248779297e-02
7.423289389407727867e-06 1.211331877857446671e-02 9.422735571861267090e-01 4.560572281479835510e-02
5.252153496257960796e-04 1.178275793790817261e-02 3.851077258586883545e-01 6.025843620300292969e-01
1.919932856253581122e-06 7.850329391658306122e-03 9.463025927543640137e-01 4.584519565105438232e-02
1.729705218167509884e-05 2.757093682885169983e-02 9.288634657859802246e-01 4.354817792773246765e-02
5.768137634731829166e-04 5.386146903038024902e-01 4.567095935344696045e-01 4.098838660866022110e-03
4.834187217056751251e-03 8.488665819168090820e-01 1.460661739110946655e-01 2.331144933123141527e-04
4.737097304314374924e-03 8.342780470848083496e-01 1.608154773712158203e-01 1.694145612418651581e-04
2.797425622702576220e-06 1.316092442721128464e-02 9.504057168960571289e-01 3.643044829368591309e-02
2.479209215380251408e-04 1.016627922654151917e-01 8.909693360328674316e-01 7.120066322386264801e-03
6.330632913886802271e-06 8.382436819374561310e-03 8.712599873542785645e-01 1.203512921929359436e-01
4.648035101126879454e-04 2.421759441494941711e-02 6.056111454963684082e-01 3.697064220905303955e-01
1.440838823327794671e-04 2.626501619815826416e-01 7.337361574172973633e-01 3.469641087576746941e-03
7.158502057791338302e-07 6.305032875388860703e-03 8.166103959083557129e-01 1.770838201045989990e-01
1.439998868590919301e-05 5.925345234572887421e-03 5.083552002906799316e-01 4.857050180435180664e-01
1.026001518766861409e-05 3.324915841221809387e-02 9.525218009948730469e-01 1.421882119029760361e-02
1.134661724790930748e-03 2.491337060928344727e-01 7.451431155204772949e-01 4.588500130921602249e-03
1.291853459406411275e-05 4.909315332770347595e-02 9.307060241699218750e-01 2.018794603645801544e-02
1.484522945247590542e-04 2.092346549034118652e-01 7.884852886199951172e-01 2.131619257852435112e-03
1.223824947373941541e-04 6.552459299564361572e-02 9.093238711357116699e-01 2.502918243408203125e-02
1.906748184410389513e-05 3.536714240908622742e-02 9.584337472915649414e-01 6.180065218359231949e-03
1.136259990744292736e-03 3.005954027175903320e-01 6.956853270530700684e-01 2.583021065220236778e-03
2.967178625112865120e-05 2.039572894573211670e-01 7.948356270790100098e-01 1.177407801151275635e-03
1.332461979473009706e-04 8.025699853897094727e-02 8.709356188774108887e-01 4.867416247725486755e-02
7.586994674056768417e-03 5.024486780166625977e-01 4.887891113758087158e-01 1.175200333818793297e-03
2.605014742584899068e-05 4.818818345665931702e-02 9.299391508102416992e-01 2.184668369591236115e-02
2.497729610695387237e-06 3.934255801141262054e-03 9.309182763099670410e-01 6.514493376016616821e-02
1.067253288056235760e-05 5.716021172702312469e-03 8.325951695442199707e-01 1.616781502962112427e-01
2.229433994216378778e-05 5.377526860684156418e-03 7.231438159942626953e-01 2.714563608169555664e-01
1.062005867424886674e-05 2.459883131086826324e-02 9.649007916450500488e-01 1.048980746418237686e-02
1.305469195358455181e-03 6.806115508079528809e-01 3.177253007888793945e-01 3.576946328394114971e-04
3.786250817938707769e-05 1.639316976070404053e-02 8.616765141487121582e-01 1.218924149870872498e-01
7.223740685731172562e-04 2.914589941501617432e-01 7.037870883941650391e-01 4.031546413898468018e-03
3.129636024823412299e-05 8.596546202898025513e-02 9.016228318214416504e-01 1.238037180155515671e-02
2.115425013471394777e-05 1.105874180793762207e-01 8.890302181243896484e-01 3.611730353441089392e-04
4.829529498238116503e-04 1.422936022281646729e-01 8.493716716766357422e-01 7.851808331906795502e-03
4.445694230525987223e-06 1.026579272001981735e-02 9.285080432891845703e-01 6.122174859046936035e-02
2.151714405044913292e-03 2.952226400375366211e-01 6.956903934478759766e-01 6.935248151421546936e-03
2.924683758465107530e-05 8.346051722764968872e-02 9.124611020088195801e-01 4.049108363687992096e-03
5.527873635292053223e-01 4.158063232898712158e-01 2.898337505757808685e-02 2.422897145152091980e-03
5.847186781466007233e-03 1.227104961872100830e-01 7.908928394317626953e-01 8.054942637681961060e-02
5.720035359263420105e-02 9.473543614149093628e-02 5.836330652236938477e-01 2.644311189651489258e-01
2.960865094792097807e-04 9.369663149118423462e-02 8.805099725723266602e-01 2.549735270440578461e-02
1.548064460621390026e-06 1.615935005247592926e-03 3.761508762836456299e-01 6.222316622734069824e-01
1.361241331323981285e-03 1.015321933664381504e-03 1.419258676469326019e-02 9.834308624267578125e-01
6.882773959659971297e-06 4.198553215246647596e-04 4.284334555268287659e-02 9.567299485206604004e-01
2.311870484845712781e-04 7.430525496602058411e-03 9.977046400308609009e-02 8.925678730010986328e-01
2.181500775577660534e-07 1.047068624757230282e-03 9.124407768249511719e-01 8.651200681924819946e-02
1.445644443265337031e-06 3.837502095848321915e-03 9.334842562675476074e-01 6.267680227756500244e-02
4.578194784699007869e-05 1.782813924364745617e-04 6.297396495938301086e-03 9.934785366058349609e-01
2.494599584679235704e-06 4.286561161279678345e-04 2.314603030681610107e-01 7.681084871292114258e-01
1.181515763164497912e-04 1.555975992232561111e-02 5.763242840766906738e-01 4.079977869987487793e-01
3.874537651427090168e-04 3.634262364357709885e-03 3.684571711346507072e-03 9.922937154769897461e-01
2.439480507746338844e-03 4.541415721178054810e-02 2.743407785892486572e-01 6.778055429458618164e-01
6.257220520637929440e-04 2.297375584021210670e-03 1.400012709200382233e-02 9.830768108367919922e-01
7.068656941555673257e-06 4.630498297046869993e-04 5.142750591039657593e-02 9.481022953987121582e-01
