6.262032389640808105e-01 3.567202985286712646e-01 1.613180898129940033e-02 9.446872863918542862e-04
7.271582484245300293e-01 2.284345179796218872e-01 2.756938897073268890e-02 1.683790050446987152e-02
1.716679036617279053e-01 8.017953038215637207e-01 2.541707269847393036e-02 1.119641354307532310e-03
8.579504489898681641e-01 1.371062546968460083e-01 4.308610223233699799e-03 6.346998270601034164e-04
7.243024706840515137e-01 2.657600045204162598e-01 7.595794275403022766e-03 2.341767773032188416e-03
9.509397745132446289e-01 4.819833859801292419e-02 7.455829181708395481e-04 1.163105116575025022e-04
5.492377877235412598e-01 2.707703709602355957e-01 8.002781122922897339e-02 9.996401518583297729e-02
8.590012788772583008e-01 1.205508336424827576e-01 9.536879137158393860e-03 1.091093942523002625e-02
9.469128251075744629e-01 4.523442313075065613e-02 2.218764042481780052e-03 5.633976776152849197e-03
9.171652793884277344e-01 8.148047327995300293e-02 1.183379674330353737e-03 1.708881463855504990e-04
9.434982538223266602e-01 5.544346198439598083e-02 7.708288612775504589e-04 2.874052443075925112e-04
7.688542604446411133e-01 2.059919387102127075e-01 1.805060170590877533e-02 7.103164680302143097e-03
8.451685309410095215e-01 1.380430161952972412e-01 1.013427693396806717e-02 6.654124241322278976e-03
8.482233285903930664e-01 1.201117336750030518e-01 8.223379030823707581e-03 2.344152331352233887e-02
1.495370361953973770e-02 7.101220488548278809e-01 2.707675695419311523e-01 4.156663082540035248e-03
1.858773827552795410e-02 7.784628868103027344e-01 1.942957788705825806e-01 8.653584867715835571e-03
2.420475184917449951e-01 6.808562278747558594e-01 7.333131879568099976e-02 3.764975117519497871e-03
2.009373344480991364e-02 7.034350037574768066e-01 2.733885645866394043e-01 3.082673763856291771e-03
3.069630861282348633e-01 6.521875262260437012e-01 4.012062028050422668e-02 7.287923945114016533e-04
1.932637998834252357e-03 7.747468352317810059e-01 2.228776216506958008e-01 4.428751126397401094e-04
7.656735777854919434e-01 2.291768640279769897e-01 4.569299519062042236e-03 5.802363157272338867e-04
3.096199035644531250e-01 6.809100508689880371e-01 9.320246055722236633e-03 1.498086930951103568e-04
5.524299293756484985e-02 8.933277130126953125e-01 5.112342536449432373e-02 3.058922302443534136e-04
7.284420426003634930e-04 6.261871457099914551e-01 3.693704307079315186e-01 3.714039223268628120e-03
8.002249598503112793e-01 1.926220655441284180e-01 6.855655461549758911e-03 2.972441725432872772e-04
2.474628575146198273e-02 6.714060902595520020e-01 2.896454334259033203e-01 1.420227997004985809e-02
2.555290050804615021e-02 1.867129802703857422e-01 7.514809370040893555e-01 3.625316917896270752e-02
8.532138168811798096e-02 7.292804121971130371e-01 1.733874082565307617e-01 1.201083976775407791e-02
2.389551373198628426e-04 1.593190012499690056e-03 1.291425824165344238e-01 8.690251708030700684e-01
3.769053518772125244e-01 6.023240685462951660e-01 1.851853542029857635e-02 2.252053935080766678e-03
1.321512013673782349e-01 7.593784928321838379e-01 1.072643920779228210e-01 1.205888227559626102e-03
5.507711321115493774e-02 7.754570841789245605e-01 1.662487536668777466e-01 3.217051969841122627e-03
4.906410574913024902e-01 4.979435503482818604e-01 1.115847565233707428e-02 2.569658681750297546e-04
2.212526975199580193e-03 4.247651100158691406e-01 5.534948110580444336e-01 1.952754892408847809e-02
6.648383289575576782e-02 7.505887150764465332e-01 1.788663566112518311e-01 4.061040934175252914e-03
2.818515896797180176e-01 6.853697896003723145e-01 3.202342242002487183e-02 7.552246679551899433e-04
1.509120166301727295e-01 7.214215397834777832e-01 1.209015473723411560e-01 6.764935329556465149e-03
7.158908993005752563e-03 6.038337349891662598e-01 3.717150092124938965e-01 1.729242317378520966e-02
3.409669101238250732e-01 6.217686533927917480e-01 3.517063334584236145e-02 2.093778457492589951e-03
4.128124192357063293e-02 8.435600996017456055e-01 1.004558354616165161e-01 1.470283139497041702e-02
3.514278307557106018e-02 7.734936475753784180e-01 1.824131309986114502e-01 8.950371295213699341e-03
2.562052337452769279e-03 4.500821530818939209e-01 5.310843586921691895e-01 1.627139374613761902e-02
3.779788734391331673e-03 4.271496832370758057e-01 5.562669038772583008e-01 1.280359737575054169e-02
3.233901560306549072e-01 6.072933673858642578e-01 5.993810668587684631e-02 9.378382004797458649e-03
6.893422603607177734e-01 2.136207222938537598e-01 9.644553810358047485e-02 5.915143410675227642e-04
6.058334838598966599e-03 7.738135457038879395e-01 2.181577831506729126e-01 1.970294630154967308e-03
6.331845070235431194e-04 4.012165665626525879e-01 5.947736501693725586e-01 3.376594744622707367e-03
3.499391023069620132e-03 2.351351529359817505e-01 7.328846454620361328e-01 2.848084829747676849e-02
8.278040885925292969e-01 1.415165215730667114e-01 3.024989552795886993e-02 4.295465187169611454e-04
1.032285392284393311e-01 7.706346511840820312e-01 1.182274743914604187e-01 7.909376174211502075e-03
1.078716479241847992e-02 5.355571508407592773e-01 4.380146861076354980e-01 1.564100757241249084e-02
9.242545929737389088e-04 5.099648237228393555e-01 4.838847219944000244e-01 5.226221401244401932e-03
2.904831804335117340e-02 9.150339961051940918e-01 5.558124929666519165e-02 3.363572468515485525e-04
5.012053251266479492e-01 4.613595306873321533e-01 2.719353139400482178e-02 1.024158578366041183e-02
2.906288802623748779e-01 5.852574706077575684e-01 1.100343167781829834e-01 1.407929137349128723e-02
7.392989099025726318e-02 9.064968824386596680e-01 1.898741535842418671e-02 5.857847863808274269e-04
9.775804728269577026e-02 8.816953301429748535e-01 1.959053240716457367e-02 9.560835896991193295e-04
8.244365453720092773e-01 1.723445653915405273e-01 3.009612439200282097e-03 2.093054499709978700e-04
3.041463205590844154e-04 5.402290821075439453e-02 8.570054769515991211e-01 8.866748213768005371e-02
8.274328708648681641e-02 7.200435400009155273e-01 1.971603184938430786e-01 5.285452789394184947e-05
2.408957034349441528e-01 6.957828402519226074e-01 6.040020659565925598e-02 2.921207342296838760e-03
7.751813158392906189e-03 9.157977104187011719e-01 7.589589804410934448e-02 5.545066669583320618e-04
3.117600455880165100e-02 7.584466338157653809e-01 2.029870897531509399e-01 7.390248123556375504e-03
7.603713870048522949e-01 1.991942822933197021e-01 4.021815583109855652e-02 2.161898592021316290e-04
8.547718524932861328e-01 1.025437414646148682e-01 4.026984795928001404e-02 2.414521994069218636e-03
5.035758931626332924e-06 4.126076400279998779e-02 9.408203363418579102e-01 1.791383139789104462e-02
2.695885719731450081e-03 1.674379706382751465e-01 6.817102432250976562e-01 1.481559127569198608e-01
1.567260333104059100e-04 3.297611698508262634e-02 9.016171693801879883e-01 6.524998694658279419e-02
2.378464210778474808e-03 3.394713401794433594e-01 6.389229893684387207e-01 1.922715455293655396e-02
2.857523038983345032e-02 8.812569379806518555e-01 8.551932871341705322e-02 4.648518748581409454e-03
2.502306131646037102e-03 1.710191071033477783e-01 7.712388634681701660e-01 5.523968115448951721e-02
1.034103799611330032e-02 3.133985400199890137e-01 5.992155671119689941e-01 7.704485952854156494e-02
4.268914635758846998e-04 2.913527004420757294e-02 6.691294312477111816e-01 3.013084232807159424e-01
1.042740419507026672e-03 1.627608686685562134e-01 7.595369219779968262e-01 7.665951550006866455e-02
5.228537702350877225e-05 3.286288119852542877e-03 3.696745634078979492e-01 6.269868016242980957e-01
7.961956725921481848e-06 2.957488410174846649e-03 8.925763964653015137e-01 1.044581383466720581e-01
2.447361825034022331e-03 8.463253080844879150e-02 8.537409901618957520e-01 5.917919054627418518e-02
2.116758003830909729e-02 3.794972598552703857e-01 5.151911377906799316e-01 8.414407074451446533e-02
2.592856809496879578e-02 6.416320800781250000e-01 3.249527812004089355e-01 7.486648391932249069e-03
1.958886720240116119e-02 5.308644175529479980e-01 4.375071525573730469e-01 1.203959714621305466e-02
1.367898366879671812e-04 2.038416638970375061e-02 7.571275234222412109e-01 2.223515510559082031e-01
2.597209531813859940e-03 2.328263074159622192e-01 7.426494359970092773e-01 2.192698046565055847e-02
3.774081415031105280e-04 5.681450664997100830e-02 8.537310957908630371e-01 8.907695114612579346e-02
6.944268534425646067e-06 1.636017230339348316e-03 3.742840290069580078e-01 6.240730285644531250e-01
1.214866570080630481e-04 3.033573552966117859e-02 9.113737940788269043e-01 5.816895887255668640e-02
5.162819434190168977e-05 1.066978648304939270e-02 6.225382685661315918e-01 3.667403757572174072e-01
4.959471989423036575e-04 8.546786010265350342e-02 6.129097342491149902e-01 3.011265099048614502e-01
1.204361706186318770e-05 6.592398881912231445e-02 9.223984479904174805e-01 1.166548579931259155e-02
3.197869809810072184e-04 1.854961514472961426e-01 8.057232499122619629e-01 8.460846729576587677e-03
8.451245230389758945e-05 2.286804318428039551e-01 7.640935778617858887e-01 7.141457404941320419e-03
7.323955651372671127e-03 3.853668570518493652e-01 5.172640681266784668e-01 9.004513919353485107e-02
1.013215631246566772e-03 1.118311583995819092e-01 8.637528419494628906e-01 2.340272627770900726e-02
1.219795318320393562e-03 9.908648580312728882e-02 8.794856667518615723e-01 2.020803838968276978e-02
4.560409870464354753e-04 5.605932474136352539e-01 4.372335672378540039e-01 1.717158942483365536e-03
2.144058817066252232e-05 5.013119801878929138e-02 9.204040169715881348e-01 2.944331429898738861e-02
9.749858872964978218e-04 7.878861576318740845e-02 7.656158804893493652e-01 1.546205878257751465e-01
6.920767575502395630e-02 5.817836523056030273e-01 3.395529985427856445e-01 9.455666877329349518e-03
3.269443754106760025e-03 7.181676030158996582e-01 2.709972262382507324e-01 7.565674372017383575e-03
1.598540984559804201e-04 2.444186806678771973e-02 6.688662767410278320e-01 3.065319955348968506e-01
5.367429112084209919e-04 7.053273916244506836e-02 8.459600210189819336e-01 8.297052234411239624e-02
2.899782033637166023e-03 3.242208808660507202e-02 2.590912580490112305e-01 7.055868506431579590e-01
1.643613330088555813e-03 4.969122409820556641e-01 4.941914975643157959e-01 7.252632640302181244e-03
7.462805369868874550e-04 9.455348253250122070e-01 5.364032089710235596e-02 7.858803292037919164e-05
3.651963488664478064e-04 9.640724956989288330e-02 8.344080448150634766e-01 6.881941854953765869e-02
3.196200728416442871e-02 3.973613083362579346e-01 5.573477149009704590e-01 1.332894247025251389e-02
1.450388459488749504e-03 6.338080018758773804e-02 8.522333502769470215e-01 8.293549716472625732e-02
2.257736865431070328e-03 2.139879465103149414e-01 7.743261456489562988e-01 9.428204037249088287e-03
6.465886253863573074e-03 3.144110441207885742e-01 6.646129488945007324e-01 1.451012771576642990e-02
1.460247040085960180e-05 6.104615703225135803e-02 9.236460328102111816e-01 1.529326569288969040e-02
3.201137995347380638e-03 5.171738266944885254e-01 4.681684970855712891e-01 1.145657151937484741e-02
3.010350745171308517e-03 1.306573897600173950e-01 8.340765237808227539e-01 3.225570544600486755e-02
8.296880871057510376e-03 9.692538380622863770e-01 2.234032377600669861e-02 1.089090073946863413e-04
1.245815977454185486e-01 1.650330051779747009e-02 5.570895075798034668e-01 3.018255233764648438e-01
8.805080652236938477e-01 2.122877351939678192e-02 8.306939899921417236e-02 1.519371010363101959e-02
5.215814709663391113e-01 2.805899083614349365e-01 1.961148828268051147e-01 1.713719451799988747e-03
1.127829076722264290e-03 6.576786190271377563e-02 8.518723249435424805e-01 8.123202621936798096e-02
4.792990628629922867e-03 3.503256011754274368e-03 3.093186765909194946e-02 9.607719182968139648e-01
1.595812645973637700e-04 2.516164968255907297e-04 1.418229006230831146e-02 9.854065179824829102e-01
3.048610233236104250e-04 6.443840451538562775e-03 2.002654224634170532e-01 7.929858565330505371e-01
1.373102350044064224e-05 3.357130335643887520e-03 7.383940815925598145e-01 2.582350671291351318e-01
6.391173315023479518e-07 1.552377245388925076e-03 6.612806916236877441e-01 3.371663093566894531e-01
3.702275687828660011e-03 8.251001127064228058e-03 6.898979097604751587e-02 9.190569519996643066e-01
7.774878758937120438e-05 8.092686533927917480e-03 6.316804289817810059e-01 3.601491451263427734e-01
2.268640673719346523e-04 2.272595884278416634e-03 1.168822944164276123e-01 8.806183338165283203e-01
1.415492966771125793e-03 8.757624309509992599e-04 5.461838562041521072e-03 9.922468662261962891e-01
6.456833216361701488e-04 6.780387484468519688e-04 2.081309817731380463e-02 9.778631925582885742e-01
6.400869693607091904e-03 2.500655595213174820e-03 1.389907207340002060e-02 9.771993756294250488e-01
7.184830028563737869e-04 9.562530904076993465e-04 3.184537589550018311e-02 9.664799571037292480e-01
