3.181869983673095703e-01 6.743404269218444824e-01 7.448946125805377960e-03 2.365516593272332102e-05
6.734851598739624023e-01 3.121493160724639893e-01 1.254883501678705215e-02 1.816691248677670956e-03
9.513154029846191406e-01 4.772430285811424255e-02 7.520518847741186619e-04 2.083071740344166756e-04
7.771624922752380371e-01 2.218076735734939575e-01 1.025493955239653587e-03 4.387754415802191943e-06
3.450489416718482971e-02 8.085308074951171875e-01 1.396765410900115967e-01 1.728772744536399841e-02
2.923083603382110596e-01 6.936568617820739746e-01 1.396575197577476501e-02 6.904268229845911264e-05
5.611019134521484375e-01 4.006841778755187988e-01 2.613628841936588287e-02 1.207762863487005234e-02
6.795955896377563477e-01 2.904784083366394043e-01 2.207304537296295166e-02 7.853015325963497162e-03
9.228831529617309570e-01 7.202174514532089233e-02 2.451968146488070488e-03 2.643172629177570343e-03
8.951329588890075684e-01 1.034878641366958618e-01 1.192922121845185757e-03 1.862793869804590940e-04
9.393354058265686035e-01 4.230582341551780701e-02 3.826856147497892380e-03 1.453195139765739441e-02
4.366718828678131104e-01 5.389577746391296387e-01 2.290556207299232483e-02 1.464793807826936245e-03
7.631070017814636230e-01 2.284164577722549438e-01 7.621734868735074997e-03 8.548349142074584961e-04
9.021566510200500488e-01 9.215872734785079956e-02 2.435584552586078644e-03 3.249032190069556236e-03
1.117241475731134415e-02 9.187563061714172363e-01 7.000321894884109497e-02 6.802204734412953258e-05
8.657933212816715240e-03 9.398390054702758789e-01 5.131887272000312805e-02 1.842018391471356153e-04
1.085959142073988914e-03 6.922900676727294922e-01 3.052834868431091309e-01 1.340475282631814480e-03
2.823177259415388107e-03 7.125585675239562988e-01 2.832219898700714111e-01 1.396248466335237026e-03
7.326079905033111572e-02 8.900313973426818848e-01 3.661774471402168274e-02 9.007906191982328892e-05
4.933008924126625061e-03 6.661414504051208496e-01 3.275068700313568115e-01 1.418616739101707935e-03
7.678539305925369263e-02 9.197663068771362305e-01 3.446110058575868607e-03 2.217844667029567063e-06
2.519708871841430664e-01 7.082018256187438965e-01 3.890561312437057495e-02 9.216936887241899967e-04
2.322597801685333252e-02 8.640834093093872070e-01 1.122797057032585144e-01 4.109884903300553560e-04
3.318740427494049072e-02 6.353161931037902832e-01 3.163810670375823975e-01 1.511531602591276169e-02
5.558674931526184082e-01 4.362842738628387451e-01 7.629658095538616180e-03 2.185568591812625527e-04
1.306492835283279419e-01 8.232749104499816895e-01 4.558999091386795044e-02 4.858636821154505014e-04
3.125379234552383423e-02 1.780446618795394897e-01 7.394940853118896484e-01 5.120745673775672913e-02
8.543694019317626953e-02 8.628603816032409668e-01 5.085505917668342590e-02 8.475662907585501671e-04
6.372055504471063614e-04 5.793870659545063972e-04 9.258518368005752563e-02 9.061982035636901855e-01
4.387885630130767822e-01 5.351651906967163086e-01 2.353045344352722168e-02 2.515716478228569031e-03
3.412255272269248962e-02 8.691899776458740234e-01 9.659706056118011475e-02 9.041833982337266207e-05
2.677372097969055176e-01 7.096873521804809570e-01 2.234854921698570251e-02 2.268557436764240265e-04
3.395646810531616211e-01 6.422932744026184082e-01 1.649934053421020508e-02 1.642660005018115044e-03
7.720661815255880356e-03 5.369600057601928711e-01 4.482242465019226074e-01 7.095125038176774979e-03
2.568502165377140045e-02 7.223991155624389648e-01 2.460843771696090698e-01 5.831566639244556427e-03
2.614205777645111084e-01 7.171424627304077148e-01 2.073149196803569794e-02 7.054597954265773296e-04
1.235581040382385254e-01 7.284126281738281250e-01 1.369303166866302490e-01 1.109904982149600983e-02
8.967999368906021118e-03 8.756660223007202148e-01 1.151378303766250610e-01 2.281170600326731801e-04
2.014682292938232422e-01 7.648062705993652344e-01 3.184885159134864807e-02 1.876553520560264587e-03
1.012568399310112000e-01 7.631799578666687012e-01 1.203494220972061157e-01 1.521375216543674469e-02
8.960992563515901566e-04 8.980879783630371094e-01 1.009456440806388855e-01 7.029475818853825331e-05
3.279035165905952454e-02 6.411948204040527344e-01 2.956387996673583984e-01 3.037600778043270111e-02
1.806253683753311634e-03 3.553520441055297852e-01 6.340686678886413574e-01 8.773024193942546844e-03
2.161060720682144165e-01 7.011000514030456543e-01 7.568970322608947754e-02 7.104197982698678970e-03
3.316506147384643555e-01 6.045759916305541992e-01 6.371716409921646118e-02 5.618883369606919587e-05
4.667251487262547016e-04 4.830802679061889648e-01 5.067735314369201660e-01 9.679480455815792084e-03
6.555037200450897217e-02 5.946261286735534668e-01 3.312552273273468018e-01 8.568268269300460815e-03
1.023940742015838623e-02 3.652747869491577148e-01 6.198849678039550781e-01 4.600820131599903107e-03
9.912299364805221558e-02 5.637681484222412109e-01 3.367254137992858887e-01 3.834498347714543343e-04
4.649574682116508484e-02 8.336148858070373535e-01 1.189446672797203064e-01 9.447493939660489559e-04
1.088148099370300770e-03 5.791136026382446289e-01 4.185928702354431152e-01 1.205344568006694317e-03
3.730305470526218414e-04 2.852985262870788574e-01 7.096839547157287598e-01 4.644523374736309052e-03
8.396336436271667480e-02 8.152700662612915039e-01 9.544684737920761108e-02 5.319800693541765213e-03
8.073322176933288574e-01 1.846738010644912720e-01 5.583231337368488312e-03 2.410748507827520370e-03
1.771863363683223724e-02 8.469282984733581543e-01 1.293703168630599976e-01 5.982697010040283203e-03
6.788063328713178635e-03 8.914725780487060547e-01 1.006582751870155334e-01 1.081047812476754189e-03
1.166657675639726222e-04 5.724772214889526367e-01 4.243561625480651855e-01 3.049959428608417511e-03
1.473632752895355225e-01 8.372156620025634766e-01 1.534928195178508759e-02 7.180464308476075530e-05
1.565313548780977726e-03 3.355632424354553223e-01 6.403742432594299316e-01 2.249719016253948212e-02
1.059279032051563263e-02 8.657696843147277832e-01 1.235954165458679199e-01 4.201731644570827484e-05
6.086311936378479004e-01 3.765338361263275146e-01 1.337032485753297806e-02 1.464620465412735939e-03
2.773471875116229057e-03 9.511497616767883301e-01 4.602561146020889282e-02 5.123400114825926721e-05
7.629242725670337677e-03 7.523121237754821777e-01 2.393796592950820923e-01 6.790401530452072620e-04
1.625708788633346558e-01 7.141261100769042969e-01 1.161804944276809692e-01 7.122444454580545425e-03
1.836993247270584106e-01 4.234710633754730225e-01 3.878530561923980713e-01 4.976516123861074448e-03
8.465420978609472513e-05 4.857533611357212067e-03 8.523595333099365234e-01 1.426983326673507690e-01
1.679983548820018768e-02 3.167921006679534912e-01 6.456128358840942383e-01 2.079528011381626129e-02
8.304014954774174839e-06 2.438673283904790878e-03 9.091455936431884766e-01 8.840740472078323364e-02
6.833486258983612061e-03 5.830318331718444824e-01 4.089921414852142334e-01 1.142471097409725189e-03
2.130979895591735840e-01 7.372021079063415527e-01 4.868584498763084412e-02 1.013998524285852909e-03
9.186884562950581312e-05 3.764768689870834351e-02 9.302999973297119141e-01 3.196050971746444702e-02
3.993437439203262329e-02 5.646802186965942383e-01 3.830574154853820801e-01 1.232798583805561066e-02
4.037102044094353914e-04 7.985291071236133575e-03 5.568027496337890625e-01 4.348081946372985840e-01
1.812180707929655910e-04 7.240781094878911972e-03 7.839163541793823242e-01 2.086616456508636475e-01
1.244069608219433576e-05 1.816973555833101273e-03 6.500505805015563965e-01 3.481200039386749268e-01
1.359329075967252720e-06 7.993405684828758240e-03 9.877681136131286621e-01 4.237143788486719131e-03
3.553800052031874657e-04 6.705995649099349976e-02 9.121546149253845215e-01 2.042997814714908600e-02
4.463449586182832718e-03 2.808552682399749756e-01 6.979939937591552734e-01 1.668724603950977325e-02
2.519860118627548218e-02 7.138718962669372559e-01 2.498676031827926636e-01 1.106192078441381454e-02
5.220291204750537872e-03 7.600519061088562012e-01 2.321582883596420288e-01 2.569483127444982529e-03
1.917173176479991525e-05 4.663179162889719009e-03 9.130949378013610840e-01 8.222270011901855469e-02
5.251278053037822247e-04 1.360020935535430908e-01 8.510321974754333496e-01 1.244064420461654663e-02
1.809890636650379747e-05 4.615588858723640442e-02 9.295029640197753906e-01 2.432315051555633545e-02
7.508200942538678646e-04 2.003970090299844742e-03 4.826360344886779785e-01 5.146091580390930176e-01
1.967867092389496975e-06 1.312096696346998215e-02 9.833779335021972656e-01 3.499107901006937027e-03
3.574330912670120597e-05 2.900472842156887054e-02 8.915582299232482910e-01 7.940129935741424561e-02
2.976721734739840031e-04 3.678308567032217979e-03 3.387745022773742676e-01 6.572495698928833008e-01
1.349833182757720351e-04 2.684266865253448486e-02 9.531889557838439941e-01 1.983336545526981354e-02
7.374167762463912368e-05 9.307702630758285522e-02 8.828485608100891113e-01 2.400073036551475525e-02
3.046662022825330496e-04 2.131073176860809326e-01 7.408496141433715820e-01 4.573841020464897156e-02
4.842925351113080978e-03 6.011651456356048584e-02 8.741008639335632324e-01 6.093960255384445190e-02
8.777954644756391644e-05 1.168942376971244812e-01 8.815018534660339355e-01 1.516122720204293728e-03
3.914759727194905281e-04 1.774029284715652466e-01 8.139355778694152832e-01 8.270062506198883057e-03
1.662990398472175002e-04 3.816938996315002441e-01 6.167076826095581055e-01 1.432144897989928722e-03
1.239603625435847789e-05 1.786546781659126282e-02 9.698656797409057617e-01 1.225649192929267883e-02
6.246007606387138367e-02 3.523599803447723389e-01 5.607541799545288086e-01 2.442582137882709503e-02
2.176432125270366669e-02 7.000198364257812500e-01 2.771845757961273193e-01 1.031253836117684841e-03
3.706159986904822290e-05 1.117628142237663269e-01 8.830569982528686523e-01 5.143117159605026245e-03
1.885637357190717012e-05 3.343209624290466309e-03 8.901657462120056152e-01 1.064721792936325073e-01
1.622221461730077863e-04 1.767464913427829742e-02 8.816300630569458008e-01 1.005330458283424377e-01
9.644447709433734417e-05 1.522676902823150158e-03 3.710355460643768311e-01 6.273453235626220703e-01
5.299160875438246876e-06 1.551130879670381546e-02 9.789673686027526855e-01 5.516049917787313461e-03
2.691145613789558411e-02 7.542108297348022461e-01 2.164409905672073364e-01 2.436767099425196648e-03
8.525462471880018711e-04 1.346274837851524353e-02 9.129819869995117188e-01 7.270278036594390869e-02
6.306644063442945480e-04 1.170340105891227722e-01 8.711660504341125488e-01 1.116929948329925537e-02
5.867326035513542593e-05 3.311591967940330505e-02 9.284624457359313965e-01 3.836291283369064331e-02
4.678631376009434462e-04 1.094283014535903931e-01 8.770586252212524414e-01 1.304523553699254990e-02
1.280547492206096649e-02 6.395046114921569824e-01 3.427087068557739258e-01 4.981207195669412613e-03
2.425069624223397113e-06 2.310781180858612061e-02 9.725989699363708496e-01 4.290857352316379547e-03
1.479047699831426144e-03 4.662332832813262939e-01 5.273730158805847168e-01 4.914630204439163208e-03
2.377902710577473044e-04 1.466236710548400879e-01 8.432162404060363770e-01 9.922249242663383484e-03
1.322295051068067551e-03 8.838210701942443848e-01 1.145376786589622498e-01 3.189865674357861280e-04
4.727880004793405533e-03 2.979467436671257019e-02 4.868615567684173584e-01 4.786158502101898193e-01
1.693941205739974976e-01 1.599829494953155518e-01 1.500010788440704346e-01 5.206218361854553223e-01
6.122455745935440063e-02 2.987527251243591309e-01 6.152353882789611816e-01 2.478735335171222687e-02
1.693835365585982800e-04 1.132677122950553894e-02 9.215093255043029785e-01 6.699456274509429932e-02
1.196579905808903277e-04 7.415865547955036163e-05 3.621952980756759644e-02 9.635866880416870117e-01
8.347039110958576202e-04 9.388852049596607685e-05 8.021609857678413391e-03 9.910497665405273438e-01
6.830060388892889023e-03 5.696430802345275879e-02 5.883558392524719238e-01 3.478497862815856934e-01
1.677398176980204880e-05 7.906651007942855358e-04 6.103931069374084473e-01 3.887994289398193359e-01
1.453909771953476593e-05 3.024539444595575333e-03 8.547002673149108887e-01 1.422605514526367188e-01
1.036707690218463540e-04 4.510643702815286815e-05 1.622446440160274506e-02 9.836267828941345215e-01
1.431187428534030914e-02 3.398519009351730347e-02 5.173345804214477539e-01 4.343683123588562012e-01
1.793933683075010777e-03 2.033157274127006531e-02 5.314089655876159668e-01 4.464655816555023193e-01
5.788321793079376221e-02 2.201829105615615845e-02 3.519231826066970825e-02 8.849061727523803711e-01
8.997773751616477966e-03 2.332399832084774971e-03 2.674606256186962128e-02 9.619237184524536133e-01
4.140262678265571594e-02 7.943923585116863251e-03 4.496411234140396118e-02 9.056893587112426758e-01
3.510067181196063757e-04 1.023178803734481335e-03 1.028768569231033325e-01 8.957490324974060059e-01
