3.451233264058828354e-03 9.271668791770935059e-01 6.842087954282760620e-02 9.610307752154767513e-04
9.248641729354858398e-01 7.453682273626327515e-02 5.726066301576793194e-04 2.642058279889170080e-05
1.355531066656112671e-01 7.797070741653442383e-01 7.931280881166458130e-02 5.426936317235231400e-03
4.531901180744171143e-01 5.245398283004760742e-01 2.041512168943881989e-02 1.854919595643877983e-03
1.386773679405450821e-02 9.157596826553344727e-01 7.004955410957336426e-02 3.230641304980963469e-04
7.821567654609680176e-01 2.089719325304031372e-01 8.528566919267177582e-03 3.426843322813510895e-04
9.038694500923156738e-01 9.479715675115585327e-02 1.252269372344017029e-03 8.112778596114367247e-05
9.263890981674194336e-01 7.297683507204055786e-02 6.102851475588977337e-04 2.383642095082905143e-05
9.441199898719787598e-01 5.530138686299324036e-02 4.798877052962779999e-04 9.866823529591783881e-05
8.036090135574340820e-01 1.912273466587066650e-01 4.724806640297174454e-03 4.387595690786838531e-04
9.264189004898071289e-01 7.293646037578582764e-02 6.213471060618758202e-04 2.322285945410840213e-05
8.666584491729736328e-01 1.315205246210098267e-01 1.572463777847588062e-03 2.485193836037069559e-04
9.062833786010742188e-01 9.275086969137191772e-02 9.061740129254758358e-04 5.962285649729892612e-05
9.423732161521911621e-01 5.730810016393661499e-02 2.888062153942883015e-04 2.993717862409539521e-05
1.620679348707199097e-02 8.244252204895019531e-01 1.589928567409515381e-01 3.751334152184426785e-04
5.680045578628778458e-03 8.754175305366516113e-01 1.139131709933280945e-01 4.989156033843755722e-03
1.549076568335294724e-02 7.457499504089355469e-01 2.379517853260040283e-01 8.074848446995019913e-04
1.040339916944503784e-01 5.961139798164367676e-01 2.899879515171051025e-01 9.864052757620811462e-03
3.710520863533020020e-01 5.960379838943481445e-01 3.058526851236820221e-02 2.324673580005764961e-03
4.711624700576066971e-03 2.487654834985733032e-01 7.326921820640563965e-01 1.383069436997175217e-02
7.918608188629150391e-02 8.353440761566162109e-01 8.288048207759857178e-02 2.589409472420811653e-03
2.167419642210006714e-01 7.289480566978454590e-01 5.296320095658302307e-02 1.346779521554708481e-03
4.973006844520568848e-01 4.774707555770874023e-01 2.465066872537136078e-02 5.778200575150549412e-04
9.519033483229577541e-05 7.317942380905151367e-01 2.659293413162231445e-01 2.181231975555419922e-03
7.872759103775024414e-01 2.027247101068496704e-01 8.433957584202289581e-03 1.565425773151218891e-03
1.023901626467704773e-02 5.691772103309631348e-01 4.186552166938781738e-01 1.928532961755990982e-03
3.833194568869657815e-05 5.964456871151924133e-02 8.747609853744506836e-01 6.555608659982681274e-02
1.337146759033203125e-01 7.603738903999328613e-01 8.905328065156936646e-02 1.685818843543529510e-02
2.033647069765720516e-05 2.419576235115528107e-02 5.301381349563598633e-01 4.456457197666168213e-01
2.447296977043151855e-01 7.260232567787170410e-01 2.438126876950263977e-02 4.865780938416719437e-03
2.775851190090179443e-01 6.168350577354431152e-01 9.323666989803314209e-02 1.234317477792501450e-02
1.132385134696960449e-01 8.111243247985839844e-01 7.128021866083145142e-02 4.356967750936746597e-03
7.329081892967224121e-01 2.562110126018524170e-01 9.604119695723056793e-03 1.276706927455961704e-03
3.228303685318678617e-04 5.332773327827453613e-01 4.634132683277130127e-01 2.986557316035032272e-03
1.759850978851318359e-02 8.744167685508728027e-01 1.071506440639495850e-01 8.340842323377728462e-04
6.048789247870445251e-02 8.154842257499694824e-01 1.235391795635223389e-01 4.887716495431959629e-04
5.693985894322395325e-02 8.149931430816650391e-01 1.269517987966537476e-01 1.115199062041938305e-03
1.192473806440830231e-02 4.344919323921203613e-01 5.388487577438354492e-01 1.473455503582954407e-02
5.215288996696472168e-01 4.695328474044799805e-01 8.664538152515888214e-03 2.736671303864568472e-04
3.468772396445274353e-02 7.041172385215759277e-01 2.347369045019149780e-01 2.645811252295970917e-02
1.735519245266914368e-02 8.351355791091918945e-01 1.467373669147491455e-01 7.718464476056396961e-04
4.678351338952779770e-03 7.878540158271789551e-01 2.070462852716445923e-01 4.213763750158250332e-04
6.187006511026993394e-05 1.266025602817535400e-01 8.614165782928466797e-01 1.191901415586471558e-02
1.671289354562759399e-01 8.181895017623901367e-01 1.458372361958026886e-02 9.782773850020021200e-05
1.007263138890266418e-01 6.052750349044799805e-01 2.843711078166961670e-01 9.627531282603740692e-03
1.100596506148576736e-03 7.160946726799011230e-01 2.812612056732177734e-01 1.543540856800973415e-03
4.393620474729686975e-04 3.369475305080413818e-01 6.515915393829345703e-01 1.102149207144975662e-02
8.782843906374182552e-06 5.850773304700851440e-02 9.331070184707641602e-01 8.376386947929859161e-03
8.200111985206604004e-02 6.460758447647094727e-01 2.717300057411193848e-01 1.930719590745866299e-04
1.571119204163551331e-02 4.761721193790435791e-01 4.877851903438568115e-01 2.033141069114208221e-02
7.501569052692502737e-05 3.918867707252502441e-01 6.016877889633178711e-01 6.350382231175899506e-03
2.718356881814543158e-05 2.412318736314773560e-01 7.463797330856323242e-01 1.236125081777572632e-02
1.039822027087211609e-02 7.653914690017700195e-01 2.231687754392623901e-01 1.041514566168189049e-03
1.695382036268711090e-02 9.659563899040222168e-01 1.648901216685771942e-02 6.007507327012717724e-04
1.027151197195053101e-01 8.397198915481567383e-01 5.733953788876533508e-02 2.254550345242023468e-04
1.585684134624898434e-03 9.327959418296813965e-01 6.541019678115844727e-02 2.081234706565737724e-04
9.759668260812759399e-03 8.144102692604064941e-01 1.728356778621673584e-01 2.994427923113107681e-03
3.047321736812591553e-01 5.170668959617614746e-01 1.710433214902877808e-01 7.157644722610712051e-03
8.391562005272135139e-06 2.671363949775695801e-02 9.700581431388854980e-01 3.219747450202703476e-03
1.881141364574432373e-01 6.449560523033142090e-01 1.551019251346588135e-01 1.182781904935836792e-02
2.999047338962554932e-01 6.587531566619873047e-01 4.067311063408851624e-02 6.689830333925783634e-04
5.633407086133956909e-02 8.857241272926330566e-01 5.720506608486175537e-02 7.366789504885673523e-04
3.971984260715544224e-04 6.066973805427551270e-01 3.926699459552764893e-01 2.354714815737679601e-04
1.002666633576154709e-02 7.034758925437927246e-01 2.857739925384521484e-01 7.234634831547737122e-04
7.843121886253356934e-03 6.794172525405883789e-01 3.122853636741638184e-01 4.542813112493604422e-04
3.609578698160476051e-07 6.432247161865234375e-02 9.327573776245117188e-01 2.919845283031463623e-03
1.127291980083100498e-04 1.750847101211547852e-01 7.520106434822082520e-01 7.279195636510848999e-02
6.911049695190740749e-06 1.655039936304092407e-02 9.662449359893798828e-01 1.719770021736621857e-02
6.496460991911590099e-05 2.231716811656951904e-01 7.516769766807556152e-01 2.508643642067909241e-02
1.566188782453536987e-02 6.360425949096679688e-01 3.388229310512542725e-01 9.472577832639217377e-03
2.066883280349429697e-05 4.934544488787651062e-02 9.399191141128540039e-01 1.071473862975835800e-02
3.769523696973919868e-03 4.560994803905487061e-01 5.385540723800659180e-01 1.576948910951614380e-03
2.430729364277794957e-05 3.235532902181148529e-03 8.452044129371643066e-01 1.515357047319412231e-01
6.724675358782405965e-07 1.124962046742439270e-02 9.798007011413574219e-01 8.948991075158119202e-03
4.361946485005319118e-04 3.983166813850402832e-02 7.378067970275878906e-01 2.219253182411193848e-01
3.887933053192682564e-05 5.349454656243324280e-02 9.038156867027282715e-01 4.265095293521881104e-02
6.377196768880821764e-06 1.937171630561351776e-02 9.246864914894104004e-01 5.593537166714668274e-02
3.905558260157704353e-03 5.027075409889221191e-01 4.557091891765594482e-01 3.767775371670722961e-02
2.039715833961963654e-02 8.246532082557678223e-01 1.539585590362548828e-01 9.910338558256626129e-04
1.339463237673044205e-02 8.325316309928894043e-01 1.527481824159622192e-01 1.325539313256740570e-03
1.672507096373010427e-05 6.513433903455734253e-02 9.082435965538024902e-01 2.660538442432880402e-02
2.230086829513311386e-04 2.220788300037384033e-01 7.648967504501342773e-01 1.280140224844217300e-02
1.941621690093597863e-07 8.609417080879211426e-02 9.010014533996582031e-01 1.290416158735752106e-02
6.741743709426373243e-05 1.316591538488864899e-02 7.321243286132812500e-01 2.546423971652984619e-01
1.318309023190522566e-05 5.927174538373947144e-02 9.229003787040710449e-01 1.781469956040382385e-02
1.929426844071713276e-06 2.389408834278583527e-02 8.023865818977355957e-01 1.737174242734909058e-01
7.511631702072918415e-05 1.235416438430547714e-02 3.559224009513854980e-01 6.316483020782470703e-01
9.855498319666367024e-07 5.222082510590553284e-02 9.320300817489624023e-01 1.574815623462200165e-02
5.854615665157325566e-05 2.149646133184432983e-01 7.384565472602844238e-01 4.652031138539314270e-02
1.268205814994871616e-04 8.094220608472824097e-02 8.895736932754516602e-01 2.935730479657649994e-02
1.437822938896715641e-04 1.714667528867721558e-01 8.167349696159362793e-01 1.165442634373903275e-02
1.986593706533312798e-03 1.356741487979888916e-01 8.007699251174926758e-01 6.156939640641212463e-02
1.542194695502985269e-05 2.423077076673507690e-02 9.610677957534790039e-01 1.468603219836950302e-02
3.571494016796350479e-05 1.042553260922431946e-01 8.756527304649353027e-01 2.005621790885925293e-02
8.388080459553748369e-06 3.627175092697143555e-02 8.037041425704956055e-01 1.600156873464584351e-01
1.236226216860814020e-05 1.166637092828750610e-01 8.751201629638671875e-01 8.203755132853984833e-03
1.879740972071886063e-03 5.882536172866821289e-01 4.087035655975341797e-01 1.163106295280158520e-03
1.160735380835831165e-03 7.223299741744995117e-01 2.751654982566833496e-01 1.343808835372328758e-03
2.982835667353356257e-06 3.704685717821121216e-03 9.011848568916320801e-01 9.510743618011474609e-02
1.456405470889876597e-06 8.184066973626613617e-03 8.568703532218933105e-01 1.349441111087799072e-01
1.375527062918990850e-05 2.215490303933620453e-02 9.201688766479492188e-01 5.766248330473899841e-02
1.559751945023890585e-05 6.103406473994255066e-02 9.357405304908752441e-01 3.209834452718496323e-03
1.226148218847811222e-03 7.377201318740844727e-01 2.584993839263916016e-01 2.554381499066948891e-03
7.650812221982050687e-06 2.417497523128986359e-02 9.686493277549743652e-01 7.167994510382413864e-03
9.337834853795357049e-06 2.124688476324081421e-01 7.820041179656982422e-01 5.517736542969942093e-03
2.917611891462001950e-05 7.000920176506042480e-02 8.505190610885620117e-01 7.944267988204956055e-02
1.798569137463346124e-04 1.841969192028045654e-01 8.110506534576416016e-01 4.572518169879913330e-03
4.255789463059045374e-05 7.331281900405883789e-02 9.165694117546081543e-01 1.007519382983446121e-02
2.411396962997969240e-06 4.478769376873970032e-02 9.429047703742980957e-01 1.230510976165533066e-02
2.905887413362506777e-05 2.785407006740570068e-01 6.719719171524047852e-01 4.945833235979080200e-02
5.374626562115736306e-05 8.780722320079803467e-02 8.787751197814941406e-01 3.336390107870101929e-02
8.917098492383956909e-02 7.273755669593811035e-01 1.767244935035705566e-01 6.728923413902521133e-03
4.208242171443998814e-04 7.886217534542083740e-02 5.445618629455566406e-01 3.761551380157470703e-01
1.679696328938007355e-02 3.007695674896240234e-01 2.225769162178039551e-01 4.598565697669982910e-01
1.553623471409082413e-03 4.589455425739288330e-01 5.390170812606811523e-01 4.837736778426915407e-04
3.561249002359545557e-07 5.155359860509634018e-03 9.661388993263244629e-01 2.870542183518409729e-02
1.105910260230302811e-02 2.595469914376735687e-02 1.454300433397293091e-01 8.175562024116516113e-01
3.641945113486144692e-06 9.241103543899953365e-04 1.432174146175384521e-01 8.558549284934997559e-01
2.238425258838105947e-05 5.047624930739402771e-03 2.744347751140594482e-01 7.204952239990234375e-01
1.617791531316470355e-05 2.724843285977840424e-02 9.258942008018493652e-01 4.684117436408996582e-02
1.137231538450578228e-05 1.529740635305643082e-02 9.135305285453796387e-01 7.116074860095977783e-02
5.978131957817822695e-05 3.299217496532946825e-04 7.629991509020328522e-03 9.919804334640502930e-01
3.070708407904021442e-05 9.099324233829975128e-03 3.680522441864013672e-01 6.228176951408386230e-01
1.187424641102552414e-04 1.522846333682537079e-02 2.445687055587768555e-01 7.400841116905212402e-01
2.036792226135730743e-03 1.079873181879520416e-02 5.508387926965951920e-03 9.816561341285705566e-01
9.640956704970449209e-05 2.607818227261304855e-03 8.848291635513305664e-02 9.088128805160522461e-01
7.005181396380066872e-04 6.653415039181709290e-03 4.163019359111785889e-02 9.510158300399780273e-01
5.137122116138925776e-06 3.589153348002582788e-04 2.105678245425224304e-02 9.785791039466857910e-01
