4.128035320088300208e-01
4.668874172185430438e-01
5.121412803532008340e-01
5.342163355408388048e-01
5.540838852097130784e-01
5.706401766004415288e-01
5.540838852097130784e-01
6.081677704194260459e-01
5.783664459161147464e-01
6.181015452538631827e-01
6.335540838852097290e-01
6.390728476821192494e-01
6.578366445916115079e-01
6.467991169977924670e-01
6.534216335540838916e-01
6.600441501103753161e-01
6.655629139072847256e-01
6.916299559471366099e-01
7.013274336283186194e-01
6.964679911699779291e-01
6.710816777041942460e-01
7.008830022075055455e-01
6.788079470198675747e-01
6.832229580573951910e-01
7.108167770419425713e-01
7.240618101545254204e-01
7.008830022075055455e-01
6.986754966887417373e-01
7.229580573951435163e-01
7.174392935982339958e-01
7.207505518763797081e-01
7.295805739514348298e-01
7.373068432671081585e-01
6.942604856512141209e-01
7.213656387665198233e-01
7.212389380530973559e-01
7.384105960264900625e-01
6.986754966887417373e-01
7.218543046357616122e-01
7.538631346578366088e-01
7.030905077262693537e-01
7.268722466960352291e-01
7.759381898454745796e-01
7.665929203539822989e-01
7.792494481236202919e-01
7.984581497797357263e-01
7.820796460176990816e-01
7.947019867549668382e-01
7.704194260485651702e-01
7.902869757174393328e-01
7.880794701986755246e-01
7.880794701986755246e-01
8.068432671081677832e-01
7.781456953642383878e-01
7.781456953642383878e-01
7.748344370860926755e-01
8.046357615894039750e-01
7.885462555066079515e-01
7.920353982300885054e-01
7.770419426048564837e-01
7.991169977924944545e-01
7.973568281938325786e-01
7.754424778761062065e-01
7.913907284768212369e-01
8.112582781456953995e-01
7.836644591611479083e-01
7.770419426048564837e-01
7.858719646799117164e-01
8.079470198675496873e-01
7.869757174392936205e-01
8.061674008810573167e-01
7.942477876106194268e-01
8.050660792951541689e-01
8.030973451327433343e-01
7.947019867549668382e-01
8.057395143487858791e-01
7.969094922737306463e-01
7.858719646799117164e-01
8.123620309050773036e-01
7.869757174392936205e-01
7.929515418502202095e-01
7.887168141592920678e-01
8.127753303964757592e-01
8.101545253863134954e-01
8.008849557522124130e-01
8.068432671081677832e-01
8.127753303964757592e-01
7.809734513274336765e-01
8.079470198675496873e-01
7.973568281938325786e-01
7.809734513274336765e-01
8.024282560706401668e-01
8.017621145374449476e-01
8.207964601769911495e-01
7.947019867549668382e-01
7.984581497797357263e-01
8.108407079646017257e-01
7.969094922737306463e-01
7.885462555066079515e-01
8.097345132743363205e-01
