1.340187407618853133e+00
1.188067034643480513e+00
1.096169460556628117e+00
1.072808823180251281e+00
9.984825289012581040e-01
9.697953058657530212e-01
9.715650059266331962e-01
9.008402678350738713e-01
9.154198980226159188e-01
8.705354021742907067e-01
8.583016247544067445e-01
8.215500636079716701e-01
8.147536943487773131e-01
8.005362212263196220e-01
7.834410707550596431e-01
7.895801150246172240e-01
7.524395786373820894e-01
7.692630401923268302e-01
7.368013557475224795e-01
7.355390173973099799e-01
7.372108468288354199e-01
7.260753284753289627e-01
7.368986944752287105e-01
7.080934141119058500e-01
7.074079094804148760e-01
6.676068202680836006e-01
6.969252865572376221e-01
7.040628261913527419e-01
6.690589575709623427e-01
6.696437978191881468e-01
6.601897684351497597e-01
6.420021602517984594e-01
6.514404120363673778e-01
7.155806205130570419e-01
6.382842320571386896e-01
6.601273093405550796e-01
6.151100863552514397e-01
6.635293795770367264e-01
6.530763863135646830e-01
5.947682096666058182e-01
6.442550839506764326e-01
6.448082688227624315e-01
5.373396381373963804e-01
5.720830525115000453e-01
5.357994212877934537e-01
5.041949480181223686e-01
5.280061772637134609e-01
5.063910835626109774e-01
5.625173434384874716e-01
5.182581191623447658e-01
5.189483987114024144e-01
5.194292573081473741e-01
5.025361468131441800e-01
5.405819641043808632e-01
5.119616816243851565e-01
5.209440912631962961e-01
5.010175687193081373e-01
5.167921174990448563e-01
5.213015404389759189e-01
5.504501086657673792e-01
5.001404287075628119e-01
4.854178406659201972e-01
5.219557764981173076e-01
4.836173239791103917e-01
5.051149792689624274e-01
4.991293821245366136e-01
5.286858532141902600e-01
4.944049815994751018e-01
4.762342129782599076e-01
5.358181563894743871e-01
4.836068531325997677e-01
4.798498668633731090e-01
4.895845738932949609e-01
4.940986839345598569e-01
4.752776497444569648e-01
4.716117465272381404e-01
4.818511775655725526e-01
5.209420053966787867e-01
4.958390408991188436e-01
4.936916296911029178e-01
4.787615793162243172e-01
5.047688424026808285e-01
4.733248163621856519e-01
4.793929121154822948e-01
4.804887331165043629e-01
4.878545224206073949e-01
4.508974939781663638e-01
5.066004477902851244e-01
4.632345169585272426e-01
4.999802272422197991e-01
4.915111665243068750e-01
4.711521684662922094e-01
4.829790848532962144e-01
4.618217781087202156e-01
4.915255736765219430e-01
4.857436282650489656e-01
4.502955625015022667e-01
4.590892796024318434e-01
4.980199019781555991e-01
4.617150920748183118e-01
